1 10 20
100 200 125
201 210 89
900 1000 174
1 1 1
10 1 20
100 1 119
10 10 7
97 1097 179
23 89 116
1 2001 182
2001 1 182
99 599 144
50000 50000 128
19 19 21
83 400 144
1990 1998 51
1215 1234 164
3000 3030 155
16 17 13
17 16 13
78 43 116
28 30 19
6000 6001 50
456 345 134
49 50 25
50 49 25
10 25 24
25 10 24
2 1 2
1 2 2
2 2 2
9 8 20
50 55 113
93 94 106
94 93 106
298 3750 238
9283 49 262
49 9283 262
2934 60 217
60 2934 217
60 61 20
61 60 20
60 60 20
59 62 108
62 59 108
8000 8001 115
100000 1 351
1 100000 351
99999 6 351
6 99999 351
75000 75001 87
75001 75000 87
100000 100000 129
69000 96000 351
96000 69000 351
15001 15000 178
15000 15001 178
894 894 99
40000 50000 314
50000 40000 314
100 300 128
300 100 128
700 650 145
659 700 145
8888 9999 260
9999 8888 260
86 97 119
97 86 119
76 100 119
76 100 119
1 100 119
100 1 119
9 10 20
10 9 20
1 1 1
5 50 112
5 50 112
1 250000 443
250000 1 443
1 500000 449
500000 1 449
550000 500000 470
330000 333000 353
1 999999 525
999999 1 525
999000 999000 153
1000000 999999 259
999999 1000000 259
500000 1000000 525
1000000 500000 525
400000 400001 193
400001 400000 193
100000 1000000 525
1000000 100000 525
500000 1000000 525
123456 789012 509
789012 123456 509
867530 9 525
400050 400051 92
400051 400050 92
4 400000 443
400 40000 324
